matriz1 <- matrix(c(1, 2, 3, 4), nrow = 2, ncol = 2)
matriz1

xx <- matrix(c(1, 2, 3, 4, 5, 6), 2, 3)
dd = xx[1,1]
dd
zz <- dd + 1
zz

zz <- matrix(c(1, 2, 3, 4, 5, 6), 2, 3)[1,1] + 1
zz


lista <- c(1, 2, 3, 4)